18 36
21 15
27 23
7 20 45 39 23 26 23 21
6
30 3
8 7 20 45 19
16 40 11 16 29 1 21
43 37 16 29 39 13 14 29
45 37 5 6 5 22 5 24 1
47
32 20 16 49 22 44 29 26 21
33 35 20
47 48 39 19 35 7
47 26 11 17 19 22 15 36 45
46 13 20 7 9 13
8 11 48 8 50 26 40
32 11
42 49 12 43 18 4
44 1 25 47 17 39 43 40 31
19 37 46 36 44 7 20 41
9 18
2 12 30 27 29 48
32 7 48 37 1 27 38 50 28
7
29 8 48 21 19
33 6 45 8 34
5 48 28 25 15 10 34
23 29
26 40 37 2 29
31 29 41 38
45 32 46 38 26
7 6 19 9 31 29 4 6 37
50 9 3 40 45 24
3
39 9 30 35 11
23 24 33 9 9 42
30 46 33
31 48 38 29 26 31 14 37 32
9 39
14 32 42 23 31 1 45 23 19 45
25 2 1
38 24 45 45 39
11 36 33 13
41 43 1 14 31 41 36 19 19 47
21 36 25 8 16 45
48 24 39 19 20 19 32 34
7 32 43 1 21 17 6
33 7 50
45 31 50 50 13 22 28 48 26
33 49 40 40 37 47
29 31 33 19 13 24 50 20 25
40 11 39 13 21 15 2
10 35 27 22 42 38 32
24
24
8 15 47 1 15 30 26 47
2 47
33
33 48 34 11
24 23 10 3 23 34 31 24 39 29
26 18 19 8 6 31 30
25 42 40 31 29
7 41 23 35
23 9 46 23 5
16 10
29 33 22 16 36 15 14 18 30 12
7 2 38
47 17 14 5 5 26 2
42 8 2 43 19 41 1 35 23 37
30 3 31 12 33 44 30
36
39
28 28 44 38 34 40 45
42 31 7 21 46 42 37 30 34 27
3 29 25 23 25 22 26
41 40 36 33 2 24 32 50 45
23
26 42 6 13 14 43 29 41
25 3 45 43 40 20 48
15 27 34
11 9 5 42 39 48
18 39
4 3 16 34 10 35 48 29 18 25
32
13 20 26 23 45
18 25 48 25 22 31 30
2 18 49 38 9 32 1 36 27 34
38 3 45
6 3 47 46 16 18 42 19
45 11 50 28 8
28 16
2 16 4 24 37 3
19 23 42 4 21 26 7 16 45 30
13 31 23 39 8
48
24 9 29 12 46 28 36 43 46
8 47 42 29 26 19 7 50 33 41
5 18
6 1
48 23 20 15 23 37
14 22 40 49 34 41 29 18 36 14
18 27 45 36 30 19 28 45 45 6
8 12 3 26 38 7 23 2 34 27
29 29 46 22 44 25 22
35
29 32 7
46 26 36 2 33 46 21 7
20 8 42
2 43 41 46 16
17
15 17 23 46 20 36 27 15 42
28 20 3
33 32 11 37 10
31 23
41 15 39 44 24 29 43 20 27 29
36 4 11 24 31
16 6
10 3 44
11 3 6
50 24 15 17 49 16 43
5 44 3 46 20 3 18 19
15 24 20
4 4 7
9
29 26 44 41 40 35 38 15 23 35
20
26 44 34 3 10 33 40 25 5 31
38
1 38 25 45 19 31 8 23 4 28
16 22 31 5 31 40
16 10 3
18 1 39
30 28 50 47 34
18 43 12 50 46 46 35 38
4 3 37 25
12 13 36 13 5 16 40 37 25 43
3 11 28 13 28 21 2 28
12 23 32 23
42 10 35 38 22 28
27 4 35 17 18 24 46 35
4 12 6 41 21 3 28 37
35 47 23 6 24 38
1 5 26 12 13 26 23 30
36
28 9 17
7 4 17 25 3 2 13 29
39 20 19 17 43 2
8 48 10 13
33 8 9 29 45 24
14
40 20 46 18 13 28
16 21 35 22 6 16 17 37 8 3
43
19 46 8 29 23 48 20 12
43 15 37 49 42 7 33 10
48 13 25 14
11 2 27 19 14
8 14
1 15 25 43 26 15 24 32
44 6 7 33 20 41 29
14 45 14
4 29 36
47 45 44 21 1
7 46 48 26 35 27 37 2
23 42
23 39
42
50 21 33 47 28 20 32
31 32 31 17 44 8 25 45
2 20 24 11 7 40 38 20 32 38
18 17 48 30
13 6 27 10
18 22
46 29 41 26 42 37 11 13 3
23 49 29
49 6 9 33
36 1
27
49 32 16 11 15
19 1 12
2 47 45 23
2 47 13 24 30 11 46 14 21 1
11 49 22 6 46 6
24 29 42
15 26 14 10 11 17 20 37
29
3 48 28 6 6 25 22
35 40 38 27 41 7
36 19 24 8 44 35 15 46 48 49
6 40 43 36 23
9 14 41
14 47
30 39 41 32 46 35 49 24
13 22 4 34 24 5
45
13 44 45 39 15
41 47 8 1 30 13 47 37 41
32 37 39 19 48
16 15 21 1 22 2 13 22
48 20 33 14 8 35
21 30
35 34 38 42
7 32 31
35 11 39 7 6 23 44 22 32
26
47 32 12
1 34 10 21 38 34
47 35 5 24 31 37
24 37 18 10 32 42 29 34
2 12
31
14 46 10 32 12 32 23 28 29
5 47 6 14 48 35 31 42 41
21 18 34 41 34 15 13
3 32 33 50 44 25 29 26 34
19 38 32 32 47 9 20 36 27 31
32 23 23 42 1 20 10 5
12 35 28 27 9 46 1
27 23 5 8 3 47 36
27 7 9 16 36 31 40 3 11
49 44 42 2
47 26 47
40 25 18 47 15 46 30 47 21 41
7
5 31 10 14 18 8 19 32 49 6
26 4 21 2 21 19 28 7 27
38 45 13 28 5 2 49
29 20 30 2
16 47
50 31 13 50 11 33 8 37 3 15
44 50
41 44 30 16
14 34 34 6 20 36 33 14 26 5
26 19 20 9
6 48 8 47 38 9 36 15 29 6
39
19
39 42 28 29 48 35 36 19 47
33
44 2 1 49 22 9
8 19 21 24 40 50 9 20
18 30
24 17 46 40 42 39 1 18 25 1
44 44 24 41 47 21 2
7
23 26 9 50 17 29 1 40 18
49 45 22 14 13
3 2 31 10 6 34
43 46
11 43
1 41 20 50 9 44 14 10 16 30
37
42 19 37 9 2 34
30 13 26 10 6 18 19
16 23 40
33 34
6 45 13
34 43 12 9 3 20
29
50 25 16 10
37 50 11
5 24 8 50 15 9 19 40 27
13 30 42 32
11 41 3 9 35 45 2 41 7
29 50 7 2 50
18 33 1 20 20 41 28 38 28 48
26 26 23
42
17
36 3 42 42 14 16 32 30 14
46
45
17 26 8 21 26 5 7
20 24 48 38 14
42 36 12 3 42 17 7 41
10 48 48
41 9 10 23 25 18 28
17 2 48 45 19 32 46 6 14
15
1 43 1 16 27 50 1 3
5
3 16 29 44
28
16 15 34
15 47 16 17
39 5 50 29
37 4 18 9 1 50
28 17 43 8
39 4 30 45 17
18 8 22 34 10 45 26 12 45
36 5
28 42 16 11 41 4 37 19
7 48 22 12
8
37 46 23 21 40 42
25 35 22 26 38 31 48 8
28 5
45 13 12 39 10 4 5 45
43 16 39 47
21 5 29 2 21 15 1 11 36 2
31 9 47 24 1 6 21
5 30 38 32 13 30 1 48
15 11 24 30 12 17
31 38 29 11 31 35 31 7 12
35 15 46 24 34 3
35 4 16 18 50 28 16
49 14
14
33 46 3 38 14 26 25 42 50 1
30 33 19 2 38 48 27 6 37 42
18 47 39 8 31
17 50 9 49 22
35
45 23 10 11 42
17 49 16 44 40 22 6 27 23 36
4 49 2 25
27 1 15 21 15 47 17
42 33 35 3 42 32
16 1 5 13
3 22 3 23 3 13 5 44 26 24
19 46 19 20 46 48 26 13 13
8 32 10 36 29 22 20 34
20 6 49 14 15
7 1 38 7 7 3 14
21 14 21 21 31 30 24 13
25 32 35 17 18 44 3 25
5 27 29 9 19 16 24 29 7
24 47 43 36 12 22
42 33 36 35 32 5 41 48 31 47
18
28 1 21 14 44 47
8 24 20 34 41 28 31 30 9 25
11 8
18 15 30 32 9
38
36 48 27
38 12 25 2
49 34 21 17 16 31
36 8
19 47 2 43 43 23 47 10 47
18 42 35 44
10
23 26 46 1 11 38 7 41
30 25 37 35 23 36 31 29 23
27 50 43 46
18 44
44 25 46 27 7 49
11 21 26
12 13 21 6
46 40 41 42 49 11 35 40
28 42 1 49
26 8 14 30 42 26 37 3 8
13 20 41 45 31 16 13 13 10
14 6 40
17 5 3 44 46 36 33 33
33 32 4 23
47 49 13 42 21 34 38
17 48 2 43 32 42 18 47 7
20 16 33 41 30 3 19 39 41
14 29 3 26 18
38 17 1 16 35 46 23
28 22 42
5 8 31 7 20 38 44 42 39
20 17 40 2 22 15 37 45 15
45
27 38 13 1
2 49 21 30 20 34
44 39 18
39 41 31 46
45 8 5 33
40 50 14
24 4 30 46 30 36 20 41 32 5
39 16 25 20 13 30
3 47 3 4 20 49 22 44 33
8
33
33 25
43 48 5 14 33 3
27 40 17 27 41
21 46 26 14 12
14 21 3 9 45 41
16 38 18 34 46
19 4
39 2 3
11 10
18 18
43
43 35
3 45 39 36 39 34 21 2 45
12 42 44 13 20 24 43 32
22 11 11
50 26 34 47
34 11 8 16 22 34 25
31 45
21 7 7 6 4
11 7 44 8 32 20 43 21
40 1 19 2
17 12 45 17
30 27 14 43 13 28 19 27
27 10 6 25
39 16 10 9
38 49 18 28 32 33
27 29
1
2 48 13 44 37 2 42
34 40 19 38 27 48
39 34
48 7 35 35 45 5 40 23
41 36 22
48 50 10 37 48
33 27 33 49 2 16 12 8
37
32 7 19 4 49
29 39 17 50 15
7 48 45
16 9 45 47 47 50 38 35
47 25
13 43 26 25 4 23 24 28
42 17 45 25 26
32 49 31
7 36 39 27 21
29 22 22 38 34 6
23 10 22 11 11 2 4 41 15 30
16 29 31 3 6 39 36 36
7
12 8 12 22 36 10 9 13 15
15 35
11 4 29 9 23 17 39 10 14 47
43 21 42 25 30 4 39 4
25 21 2 12 1 9 16 8 38 27
10 34 23 19 40 3 35
20 36 3 6 7 16 42 8 37
6 21 44 42 16 30 1 34
40 19 4 4 35 6 30 45 4
39 13 37 33 14 40 31
45
19 15 27 28 27 12 40 42
45 28 31 44 16 6 4 26 9
36 49 36 42 33 1
22 18 19 47
49 19 30
23 34 37 5 16 26 3 50 48
19 23 11 33 24 27 2 11 18 49
30 30 8 21
35 20 44 26 19 48
36 11 4 49 29 44 17 24 14 32
34 12 40 27 16 5
14 35 20 39 26 16 49 16 8
40 3 45 11 5 8
16 20 27 44
37 42 13 5 38
32 13
19 32 16 42 37 6 32 9 20 23
24 45 15
24 38 23 45 49 2 14 38 25
39 41 42 40 34
1 13 19 10 20 50 6 3
38 22 25 31 6
50
11 15
10 13
14 41 41 7 25
33 43 20 22
28 32 25 24 48 6 6 39 50 15
3 48 16 25 15 33
32 50 45 48 40
43 1
15 36
34 10 44 7 45 1 34
15 30 49 36 6 38 23 12
47 40
35 47 45 9 10
16 14 29 14 1 10
8 10 35 46 8
46 42 29 33 9
46 15 11 7 34 6 35 38 34
44 37 44 32
43 17 44 10
32 32 26 3 25 19
48 48
1
13 19 15
45 24 8 47 22 27 25 14 44
3 27 1 30 48 7 25
23
7 47 12 4 38
40 42 8 34 47 39 16 18 24 8
41 29 12 8 22 27 50
48 36 16 26 23 45 12 29
28 13 40 32 42 24 7 25 24 21
49 23
2 3 3 27
16 48
39 50 28
12 5 12 40 27 34 48 8 9 12
43 45 1 41 17
26 43 40 41 9
42 4 18
3 33 32 44 10 23 6
1
16 13 49 35
48 47 32 44 18 36
17 40 14 7 48 9 48 45 31 46
38 21
31 18 23 40
32 14 30 19 18 45 24 3
19 48 40 1 47 4
37 46
41 31
14 48 31 28 15 28 41 34 26 42
28 3 11 14 18 40 45
41 19 31 26
1 12 25 36 39 32 27 11 14
17 49 30 17 47 27 8 20
2 15 8 45 12
21 18 46
24 37 7 8 2 14 20
34 12 34 36 12 21 35 46 44
34 4 47 47 11 5
2 32 30 23 44 50
34
32 40 10 30 43 27 49 27
31 20 30 13 27 43
37 16
35 4 38
34 41 14 23 33 3
45 15 40 21 38 13 5 48 25 38
9 34
46 41
18 17 37 21 48 47 42 22 40 43
48 46 26
14 35 4 49 8
14 32 30 15 27 11 19 29 13
47 26 34
22 11 42
22 22 28 33 36 15 23 49 46 13
49 10 16 20 23 22
48 33 43 11 42 30
26 17 16 9 32 46 32 2
24 15 36 28 36
3 41 10 35 38 19 43 12 7 27
34 14 32
11 25 9 12 12 18 20 45 40
47 8 41 27 22 27 23 38 7 28
21 41 37
10 31
4 44 34 7 7 3 5 37 20 31
7 44 44 44 46 2
38 22 26 17 39 33 19 1
26
37 20 34 3 46 14 20 11 46 14
13 26 21 12 20 12 16
49 3 40 19 16 28 30
10 1 27 20 34 1 9 20
25
33 41 22 6 20 45
6 21 48 23 43 12
1 10 29 16 49 44
19 12 37 1 19 34 11
44 41 9 32 13 49
22 39 9 27 6 2
44 6 23 31 3 4 49 15 14
28 2 34
19
47 9 1 15 32 30 25 7 13
12 5
7 30 30 12 22 27 12 29
48
19 26 17 40 33 39
48 19 20 12
46 3 31 2 25
40 39 46 28 22
14 41 50 5 27 45
39
48
17
10 14 6 46 11 17 22 45 28 22
17 47 28 11
29 36 50 10 24 43 17
13
17 39 26 28 11 11
45 13 24
45 39 34 13 2 29
39
6 25 35 15 48
2 13 16 44 40 19
27 47
47 27 18 26 49 1 16 45 20
44 43
34 25 39 50 45 28
19 15 34 26 11 25 23 45
4 15 4 48 4 29
31 42 11 26 9 20 5
28 43
22 47
36 30 4
11 40 41 22 13 32
12 48 21 35 7 15 41 19 11
35 15 46 30 7 4
30 13 12 40 21 46 11 47 29
33 18
8 44 23 4 18 46 49 16 8
10 47 30 20 38 42 26 7 26
2 28 11
2 21 26 22 3 28
14 50 15 17 30 44 43
3 31 11
3 1 49 37
25
17 15 9 13 20 15 30 21 4
2 47 17 16 41 36 11
4 14
44 10 44 7 36 40 25 35 18 44
31 39
39 27 38 37
41 22 10 9 20 10 12 43 34 1
8 42 7 13 41 15
49 31 39
40 46 49 37 29
46 5 27 35
23 40 26 9
41 30 4 32 16 15
30 40 19
50 40 17 15 33 38
10 11 29 36 2 7 10 35 29 20
26 7 28
39
28 40 5 32
38 32
29 41 6 17 13 37
1 32 30
26 4
10 5 39 13 21
50 48 7 39 11
7 9 50 41
24 39 16 50 13 13 46 16 8 16
33 18 24 39 21 42 13 40 43
26 3 21 46 13 39 41 12 42
2 47 18 36 42 34
47 22 3 26 15 27
7 22 18 41 14 39 1 28
2 5 6 7 9 49 38 8
49 16 39 49
33 43 14 10
12 24 15 44
31 41 35 2 40 3 40 20 48
19 16
21 29 9 24 46 3
12 25
31 46 19 49 28 10 48 38 19
26 40 49 29 16 27 47 48 47 27
32
17 13 18 23 4 26 27
2 50 1 36 41 46 49 47 32 15
16 21 20
3 23 10 42 13 30 41
44 9 1
1 23 20 25 1 13 16 2
11 14 14 10 6 14 49 25 18
16 42 44 44
32 12 4 3 47 29 30 8
48 32 37 14 28
7 9 42 27 11 49 26
6 36 24 44 14 17 29 33
24 14 48 15 18 8
11 24 40
26 18 37
11
38 29 10 47 27 46 20
31 11 6 8 40 2 40 24
24 4 5 41 46 11 42 33 26 24
7 4 48
21 28 7 22 3 2 19 43 30 30
13 32 35 46 19
40 36 46 35 49 40
43
22 23 31 50 24 38 8 25
4 49 34 49 1
35 29 8 32 5 28 40 27 44 40
42 11 21 42
46 7
20 3
29 29 16 43 13 33
37 43 38 8 32 8 20 17 32
17 10 11 22 27 21 48
11 1 42 49 49 43 35 15 8
10 30 18
40 50 30 11
5 48 15
5 20 10 20 36 44
32 22 49 20 16 15
13 49 10 27 49 15 14 7 20
14 3 43 39 36 50 25 32
17 1 34 20 46 14 21 45 25 7
10
31 36 26 41 24 20 25 44
1 7
11 24
20 43 11 21 8 5 40 39
48 15 1 37 19 24 33
27 15
1
19 21 18 36 12 14 8 43 50 21
7 19 26
27 44 28 13 29 7
5 11 49 20 40 26 19 50
39 34 43 6 10 38 49
35 42 31 40 49 31 9 14
38 30 18 28 26 4 1 11 48 40
19 17 18 1
1 8 43 22 29 21 44 43
35 25 5 50 8 42
45 31 44
17
32 37 50 47 18 32 4 25 19 9
50 9 36 2 36 22 20 40 15
18 34
23 34 13
16 31 9
24 25 5 28 14 2 18 27 1 39
39 26 43
15 10 18 21
7 36 1 17 22 29 46 50 1 38
17 13 18 42
14 11 47 22 10
12 11 41 23 32 49 42 39
34 25 34 5 50
42 43 40 38 49 20 48 19
22 23 46 48 50 14
10 27 29 29 37 33 33 11
2 8 28 27 19 44 35
7 20 6 2 50 37 22 26
44 11 20 39 21 41 23 6 26 25
6 11 9 47 8
3 26 27 19 4 22 13 23 39
30 14 31 34 45 43 1
43 25 42 19 42 45 36 34 33 15
41 14 19 40 39 18 15 8
12 4 44 48 24 22 25 47 4
44 46 4 33 1 41 9
26 6 31 39 26 31 30 39 30 29
18 4
44 32 30 43
42 16 47 36 31 41 32 49
13 9 45 38 9 48 2 20 3 29
22 11
7
6 12 6 22 50 21
19 22 49 7 1
25 3
5 20 16 24
15 39 15 48 29 22 35 27 8 45
28 27 41 5 39 29 21 36 13
35 37 31 35 29 1 7
14 47 42 5
29 50 23 41 44 44 8 44 47
27 50 21 45 30 2 40 44
2
33 33 27 31 47 6
44 41 27 47
38 17 17 1 6 11 14 29 20 33
40 41 37 34 35 2 9 42 34
47
24
36 50 46 39 10 11 14 31
50 5 20
28
6 33 30 6
37
34 30 24 43 11
7 44 26 30 23 13
9 45 19 35 31 33 37
8 21 37 50 2 28 10 8 24 31
43
3 24 7 17
15 23
25 25 17 7
9 27 41
41 16 30 6 34 36 11 5 16 32
34
18 3 39 45 6 2 29 43
11 17 6
16 31 49
40 4 43 22 16
24
19 27 2
43 38 11 18 41 7
4 4 44 32 43 25 48 50 13
15 12
34 18 36 44 35 6 13 34 15
44 30 48
47 13 22 4 20 41 6 24
26 41 18 34 27 13 16
33 15 17 14 31 50 14 38 10
9 19 12 14 32 11 5
25 35 3 5 4
4 15 35
29 6
20
39 42 14
8 27 43 49 44 39 42 30 48
3 8
35 4 49 15 28 1
7
9 49 44 16 40
2 7 33 4 17 18 30
43 19 44 3 12 41 31 41
47 23 38 39 33 20 26 20 7 9
49 21 40 22 10 7 34 28 21
6 6
21 36 25 41 32
38 13
17
6 33 50 32 16 41
16 17 6 25 12 45 15 3
18 14 24 11 42 44 49 17
50 39 19 3 2 1 39 31
7 23 38 31 5 8 24 49 3 11
45 49 34 12 13 14 14 11
9 22 36 3 5 16 49
41 40 22 38 33 47
7 22 21 43
39 29 42 6 17 37 44 1 46
1
31 36 34 46 9 41 2
15 20 17 1 50 32
7 30
10 29 48 10 18 20 37 17 41
21 37 48 32 23 38 21
24 25 41 20
30 22 45 4 38 12 12 12
48 17 1 21 28 31 16
23 9 30
26
11 7 49 33 8 28 15 34 4 37
29 26 44 16
50 15 47
2 9 32 43
45 38 35
49 21 11 4
12 19 20 31
5
19 18
48 22 16 37
40 46 40 13 38 43 49
50 16
9
46 27 49 49 41 49 50 1 10
33 30 14 13
47 14
36 30 35
3 41 19 6 1 13 4 38 15 8
28 50 24 15 5
49 17 35 1 7 31 14 5
47 47 40 22 38 13 22 39 9 10
14 25 1 5 43 26 25 21
50 36 11 36 2 15 44 27
48 33 19 38 43
6 1 17 15 39 29 2 1 35 44
36 23 19 41 41 10 37 35 25 24
1 13 36
42 9 16 31 40 50 2 33 21
11 2 25 49 50 29 6 15
32 8 38 41 21 9 2 2
47 27 34 4 6
26 34 8
36 17 23 33 17 37 35
14 34 47 24 12 16 19 6 34
42 2 6 1 6
5 2 22 13 50 16 12 14 48 44
47 13 6 44 40 23 23
17 43 6 26 18 19 48
11 49 12 1 35
35 27
47
46 38 35
6 24 41
26
28 31 34 17 42 8 42 41 41 40
28 24 3 47
13
45 47 4 30 34 14
32 22 5
19 20 32 22 11 6 28 10 48 43
39
43 17 41 18 43 35 15 23 25
29 5 40 45 21 37 13 29
30 37 23 6 7 8 46 5
2 47 22 16
32 29 44 22 17 40 18 50 15
49 21 10 27 31 33
19 26
31 36 18 47 15 28
31 50 1 13 1 37 42 31 18 36
32 8 17 7
22 13 12 31 50 10 50 19 47 2
50 27 2 7 4 24
22 46
34 17 45 34 35
36 12 29 23 44 36 42 45 30 43
4 19
30 7 34 5 42
13 8 36 34 32
12 17 5 23 14 6 34 27 33
27 19
7 27
5 12 16 16 30 20 14 26 48
49 11 42 23 20
21 39 50 25 22
9
1 11 50 41
3 33 16 46 18 21 14 50 30 4
44 1 44 8 24 36 9
27 30 17 25 18 31 49 25 38 41
35 30 3 32 28 36 8 17
49 18 28
21 13 23 3 33
29 47 20 14
6 11 39 25 30 3 46
26 25 43 38 14 49 46 9 35 32
40 18
38 30 34 21 2 18 18 35 50
6 17
39 28
36
44 22 24
31 11 31 14 32
43 21 45 18 47 39 24 35
8 42
13 39 46 26 34 35 21 40 2 21
48 17 14 24 9 39 1
31 44
34 44 25 41 14 4
36 13 23 3 37 30 19 8
10 1 22 26 33 14 49 47 21 2
1 10 40 19 34 25 28
28 2 7 46 26 1 8 22
13 28 46 39
30 16 15 16 12 23 5 28
26 3 50
16 50 21 48 42 22 3
44 10 4 41 8 19
47 35 32 47
2 8 46 3 37 5 29 15 44
33 16 6 18
40 25 4 39
37 22 21 14 27 12 18
14 17 39
4 14 8 49 41 25 31 23 47
20 8 16 41 15 48 47 35 18
4 4 42
15
37 30
26 43 14 40
3 34 22 35 45 38 47 16 31
21 45 35 11 24 34 38 46 21
11
12 45 1 47 50 36 11 18
1
2 20 18 39 17 5 30
25 41 15 25
37 3 34 23 9 9 31 23
44 43 38 12
8 16 48 24 25 46 50 39 39
40 6 24 14 8
13 41 15 43 12 7 20 18
27 47 47 11
22 12 12 37
41 20 1 6 46 40 35 36 28
9 12 34 20 3 19 15 23
32 5 41 37 29 44 21
33 14 6 46 23 41 42 47 26 22
18 10 5 34
35 36 24 32 21 28 33 16 22 35
33 19
27
30 30 37 45 27 49 35 6
15 9 29
14
34 15 49 5
50 48 13 16 42
42 15
21 5 32 35 34 44 5 21 34
46 31 49 40
30 39 35
31 24 20 26 26
29 42
46 48 9
22 13 28 11 2 10 37 4
36 21
14 37
34 21 3 25 34 29 43
28 13 34 37 48 24 49
16 8 8
32 17
6 30 1 37 1 40
6 2 37
3
35 1 35 18 42 49 45 18 3 36