36 18
15 21
23 27
21 23 26 23 39 45 20 7
6
3 30
19 45 20 7 8
21 1 29 16 11 40 16
29 14 13 39 29 16 37 43
1 24 5 22 5 6 5 37 45
47
21 26 29 44 22 49 16 20 32
20 35 33
7 35 19 39 48 47
45 36 15 22 19 17 11 26 47
13 9 7 20 13 46
40 26 50 8 48 11 8
11 32
4 18 43 12 49 42
31 40 43 39 17 47 25 1 44
41 20 7 44 36 46 37 19
18 9
48 29 27 30 12 2
28 50 38 27 1 37 48 7 32
7
19 21 48 8 29
34 8 45 6 33
34 10 15 25 28 48 5
29 23
29 2 37 40 26
38 41 29 31
26 38 46 32 45
37 6 4 29 31 9 19 6 7
24 45 40 3 9 50
3
11 35 30 9 39
42 9 9 33 24 23
33 46 30
32 37 14 31 26 29 38 48 31
39 9
45 19 23 45 1 31 23 42 32 14
1 2 25
39 45 45 24 38
13 33 36 11
47 19 19 36 41 31 14 1 43 41
45 16 8 25 36 21
34 32 19 20 19 39 24 48
6 17 21 1 43 32 7
50 7 33
26 48 28 22 13 50 50 31 45
47 37 40 40 49 33
25 20 50 24 13 19 33 31 29
2 15 21 13 39 11 40
32 38 42 22 27 35 10
24
24
47 26 30 15 1 47 15 8
47 2
33
11 34 48 33
29 39 24 31 34 23 3 10 23 24
30 31 6 8 19 18 26
29 31 40 42 25
35 23 41 7
5 23 46 9 23
10 16
12 30 18 14 15 36 16 22 33 29
38 2 7
2 26 5 5 14 17 47
37 23 35 1 41 19 43 2 8 42
30 44 33 12 31 3 30
36
39
45 40 34 38 44 28 28
27 34 30 37 42 46 21 7 31 42
26 22 25 23 25 29 3
45 50 32 24 2 33 36 40 41
23
41 29 43 14 13 6 42 26
48 20 40 43 45 3 25
34 27 15
48 39 42 5 9 11
39 18
25 18 29 48 35 10 34 16 3 4
32
45 23 26 20 13
30 31 22 25 48 25 18
34 27 36 1 32 9 38 49 18 2
45 3 38
19 42 18 16 46 47 3 6
8 28 50 11 45
16 28
3 37 24 4 16 2
30 45 16 7 26 21 4 42 23 19
8 39 23 31 13
48
46 43 36 28 46 12 29 9 24
41 33 50 7 19 26 29 42 47 8
18 5
1 6
37 23 15 20 23 48
14 36 18 29 41 34 49 40 22 14
6 45 45 28 19 30 36 45 27 18
27 34 2 23 7 38 26 3 12 8
22 25 44 22 46 29 29
35
7 32 29
7 21 46 33 2 36 26 46
42 8 20
16 46 41 43 2
17
42 15 27 36 20 46 23 17 15
3 20 28
10 37 11 32 33
23 31
29 27 20 43 29 24 44 39 15 41
31 24 11 4 36
6 16
44 3 10
6 3 11
43 16 49 17 15 24 50
19 18 3 20 46 3 44 5
20 24 15
7 4 4
9
35 23 15 38 35 40 41 44 26 29
20
31 5 25 40 33 10 3 34 44 26
38
28 4 23 8 31 19 45 25 38 1
40 31 5 31 22 16
3 10 16
39 1 18
34 47 50 28 30
38 35 46 46 50 12 43 18
25 37 3 4
43 25 37 40 16 5 13 36 13 12
28 2 21 28 13 28 11 3
23 32 23 12
28 22 38 35 10 42
35 46 24 18 17 35 4 27
37 28 3 21 41 6 12 4
38 24 6 23 47 35
30 23 26 13 12 26 5 1
36
17 9 28
29 13 2 3 25 17 4 7
2 43 17 19 20 39
13 10 48 8
24 45 29 9 8 33
14
28 13 18 46 20 40
3 8 37 17 16 6 22 35 21 16
43
12 20 48 23 29 8 46 19
10 33 7 42 49 37 15 43
14 25 13 48
14 19 27 2 11
14 8
32 24 15 26 43 25 15 1
29 41 20 33 7 6 44
14 45 14
36 29 4
1 21 44 45 47
2 37 27 35 26 48 46 7
42 23
39 23
42
32 20 28 47 33 21 50
45 25 8 44 17 31 32 31
38 32 20 38 40 7 11 24 20 2
30 48 17 18
10 27 6 13
22 18
3 13 11 37 42 26 41 29 46
29 49 23
33 9 6 49
1 36
27
15 11 16 32 49
12 1 19
23 45 47 2
1 21 14 46 11 30 24 13 47 2
6 46 6 22 49 11
42 29 24
37 20 17 11 10 14 26 15
29
22 25 6 6 28 48 3
7 41 27 38 40 35
49 48 46 15 35 44 8 24 19 36
23 36 43 40 6
41 14 9
47 14
24 49 35 46 32 41 39 30
5 24 34 4 22 13
45
15 39 45 44 13
41 37 47 13 30 1 8 47 41
48 19 39 37 32
22 13 2 22 1 21 15 16
35 8 14 33 20 48
30 21
42 38 34 35
31 32 7
32 22 44 23 6 7 39 11 35
26
12 32 47
34 38 21 10 34 1
37 31 24 5 35 47
34 29 42 32 10 18 37 24
12 2
31
29 28 23 32 12 32 10 46 14
41 42 31 35 48 14 6 47 5
13 15 34 41 34 18 21
34 26 29 25 44 50 33 32 3
31 27 36 20 9 47 32 32 38 19
5 10 20 1 42 23 23 32
1 46 9 27 28 35 12
36 47 3 8 5 23 27
11 3 40 31 36 16 9 7 27
2 42 44 49
47 26 47
41 21 47 30 46 15 47 18 25 40
7
6 49 32 19 8 18 14 10 31 5
27 7 28 19 21 2 21 4 26
49 2 5 28 13 45 38
2 30 20 29
47 16
15 3 37 8 33 11 50 13 31 50
50 44
16 30 44 41
5 26 14 33 36 20 6 34 34 14
9 20 19 26
6 29 15 36 9 38 47 8 48 6
39
19
47 19 36 35 48 29 28 42 39
33
9 22 49 1 2 44
20 9 50 40 24 21 19 8
30 18
1 25 18 1 39 42 40 46 17 24
2 21 47 41 24 44 44
7
18 40 1 29 17 50 9 26 23
13 14 22 45 49
34 6 10 31 2 3
46 43
43 11
30 16 10 14 44 9 50 20 41 1
37
34 2 9 37 19 42
19 18 6 10 26 13 30
40 23 16
34 33
13 45 6
20 3 9 12 43 34
29
10 16 25 50
11 50 37
27 40 19 9 15 50 8 24 5
32 42 30 13
7 41 2 45 35 9 3 41 11
50 2 7 50 29
48 28 38 28 41 20 20 1 33 18
23 26 26
42
17
14 30 32 16 14 42 42 3 36
46
45
7 5 26 21 8 26 17
14 38 48 24 20
41 7 17 42 3 12 36 42
48 48 10
28 18 25 23 10 9 41
14 6 46 32 19 45 48 2 17
15
3 1 50 27 16 1 43 1
5
44 29 16 3
28
34 15 16
17 16 47 15
29 50 5 39
50 1 9 18 4 37
8 43 17 28
17 45 30 4 39
45 12 26 45 10 34 22 8 18
5 36
19 37 4 41 11 16 42 28
12 22 48 7
8
42 40 21 23 46 37
8 48 31 38 26 22 35 25
5 28
45 5 4 10 39 12 13 45
47 39 16 43
2 36 11 1 15 21 2 29 5 21
21 6 1 24 47 9 31
48 1 30 13 32 38 30 5
17 12 30 24 11 15
12 7 31 35 31 11 29 38 31
3 34 24 46 15 35
16 28 50 18 16 4 35
14 49
14
1 50 42 25 26 14 38 3 46 33
42 37 6 27 48 38 2 19 33 30
31 8 39 47 18
22 49 9 50 17
35
42 11 10 23 45
36 23 27 6 22 40 44 16 49 17
25 2 49 4
17 47 15 21 15 1 27
32 42 3 35 33 42
13 5 1 16
24 26 44 5 13 3 23 3 22 3
13 13 26 48 46 20 19 46 19
34 20 22 29 36 10 32 8
15 14 49 6 20
14 3 7 7 38 1 7
13 24 30 31 21 21 14 21
25 3 44 18 17 35 32 25
7 29 24 16 19 9 29 27 5
22 12 36 43 47 24
47 31 48 41 5 32 35 36 33 42
18
47 44 14 21 1 28
25 9 30 31 28 41 34 20 24 8
8 11
9 32 30 15 18
38
27 48 36
2 25 12 38
31 16 17 21 34 49
8 36
47 10 47 23 43 43 2 47 19
44 35 42 18
10
41 7 38 11 1 46 26 23
23 29 31 36 23 35 37 25 30
46 43 50 27
44 18
49 7 27 46 25 44
26 21 11
6 21 13 12
40 35 11 49 42 41 40 46
49 1 42 28
8 3 37 26 42 30 14 8 26
10 13 13 16 31 45 41 20 13
40 6 14
33 33 36 46 44 3 5 17
23 4 32 33
38 34 21 42 13 49 47
7 47 18 42 32 43 2 48 17
41 39 19 3 30 41 33 16 20
18 26 3 29 14
23 46 35 16 1 17 38
42 22 28
39 42 44 38 20 7 31 8 5
15 45 37 15 22 2 40 17 20
45
1 13 38 27
34 20 30 21 49 2
18 39 44
46 31 41 39
33 5 8 45
14 50 40
5 32 41 20 36 30 46 30 4 24
30 13 20 25 16 39
33 44 22 49 20 4 3 47 3
8
33
25 33
3 33 14 5 48 43
41 27 17 40 27
12 14 26 46 21
41 45 9 3 21 14
46 34 18 38 16
4 19
3 2 39
10 11
18 18
43
35 43
45 2 21 34 39 36 39 45 3
32 43 24 20 13 44 42 12
11 11 22
47 34 26 50
25 34 22 16 8 11 34
45 31
4 6 7 7 21
21 43 20 32 8 44 7 11
2 19 1 40
17 45 12 17
27 19 28 13 43 14 27 30
25 6 10 27
9 10 16 39
33 32 28 18 49 38
29 27
1
42 2 37 44 13 48 2
48 27 38 19 40 34
34 39
23 40 5 45 35 35 7 48
22 36 41
48 37 10 50 48
8 12 16 2 49 33 27 33
37
49 4 19 7 32
15 50 17 39 29
45 48 7
35 38 50 47 47 45 9 16
25 47
28 24 23 4 25 26 43 13
26 25 45 17 42
31 49 32
21 27 39 36 7
6 34 38 22 22 29
30 15 41 4 2 11 11 22 10 23
36 36 39 6 3 31 29 16
7
15 13 9 10 36 22 12 8 12
35 15
47 14 10 39 17 23 9 29 4 11
4 39 4 30 25 42 21 43
27 38 8 16 9 1 12 2 21 25
35 3 40 19 23 34 10
37 8 42 16 7 6 3 36 20
34 1 30 16 42 44 21 6
4 45 30 6 35 4 4 19 40
31 40 14 33 37 13 39
45
42 40 12 27 28 27 15 19
9 26 4 6 16 44 31 28 45
1 33 42 36 49 36
47 19 18 22
30 19 49
48 50 3 26 16 5 37 34 23
49 18 11 2 27 24 33 11 23 19
21 8 30 30
48 19 26 44 20 35
32 14 24 17 44 29 49 4 11 36
5 16 27 40 12 34
8 16 49 16 26 39 20 35 14
8 5 11 45 3 40
44 27 20 16
38 5 13 42 37
13 32
23 20 9 32 6 37 42 16 32 19
15 45 24
25 38 14 2 49 45 23 38 24
34 40 42 41 39
3 6 50 20 10 19 13 1
6 31 25 22 38
50
15 11
13 10
25 7 41 41 14
22 20 43 33
15 50 39 6 6 48 24 25 32 28
33 15 25 16 48 3
40 48 45 50 32
1 43
36 15
34 1 45 7 44 10 34
12 23 38 6 36 49 30 15
40 47
10 9 45 47 35
10 1 14 29 14 16
8 46 35 10 8
9 33 29 42 46
34 38 35 6 34 7 11 15 46
32 44 37 44
10 44 17 43
19 25 3 26 32 32
48 48
1
15 19 13
44 14 25 27 22 47 8 24 45
25 7 48 30 1 27 3
23
38 4 12 47 7
8 24 18 16 39 47 34 8 42 40
50 27 22 8 12 29 41
29 12 45 23 26 16 36 48
21 24 25 7 24 42 32 40 13 28
23 49
27 3 3 2
48 16
28 50 39
12 9 8 48 34 27 40 12 5 12
17 41 1 45 43
9 41 40 43 26
18 4 42
6 23 10 44 32 33 3
1
35 49 13 16
36 18 44 32 47 48
46 31 45 48 9 48 7 14 40 17
21 38
40 23 18 31
3 24 45 18 19 30 14 32
4 47 1 40 48 19
46 37
31 41
42 26 34 41 28 15 28 31 48 14
45 40 18 14 11 3 28
26 31 19 41
14 11 27 32 39 36 25 12 1
20 8 27 47 17 30 49 17
12 45 8 15 2
46 18 21
20 14 2 8 7 37 24
44 46 35 21 12 36 34 12 34
5 11 47 47 4 34
50 44 23 30 32 2
34
27 49 27 43 30 10 40 32
43 27 13 30 20 31
16 37
38 4 35
3 33 23 14 41 34
38 25 48 5 13 38 21 40 15 45
34 9
41 46
43 40 22 42 47 48 21 37 17 18
26 46 48
8 49 4 35 14
13 29 19 11 27 15 30 32 14
34 26 47
42 11 22
13 46 49 23 15 36 33 28 22 22
22 23 20 16 10 49
30 42 11 43 33 48
2 32 46 32 9 16 17 26
36 28 36 15 24
27 7 12 43 19 38 35 10 41 3
32 14 34
40 45 20 18 12 12 9 25 11
28 7 38 23 27 22 27 41 8 47
37 41 21
31 10
31 20 37 5 3 7 7 34 44 4
2 46 44 44 44 7
1 19 33 39 17 26 22 38
26
14 46 11 20 14 46 3 34 20 37
16 12 20 12 21 26 13
30 28 16 19 40 3 49
20 9 1 34 20 27 1 10
25
45 20 6 22 41 33
12 43 23 48 21 6
44 49 16 29 10 1
11 34 19 1 37 12 19
49 13 32 9 41 44
2 6 27 9 39 22
14 15 49 4 3 31 23 6 44
34 2 28
19
13 7 25 30 32 15 1 9 47
5 12
29 12 27 22 12 30 30 7
48
39 33 40 17 26 19
12 20 19 48
25 2 31 3 46
22 28 46 39 40
45 27 5 50 41 14
39
48
17
22 28 45 22 17 11 46 6 14 10
11 28 47 17
17 43 24 10 50 36 29
13
11 11 28 26 39 17
24 13 45
29 2 13 34 39 45
39
48 15 35 25 6
19 40 44 16 13 2
47 27
20 45 16 1 49 26 18 27 47
43 44
28 45 50 39 25 34
45 23 25 11 26 34 15 19
29 4 48 4 15 4
5 20 9 26 11 42 31
43 28
47 22
4 30 36
32 13 22 41 40 11
11 19 41 15 7 35 21 48 12
4 7 30 46 15 35
29 47 11 46 21 40 12 13 30
18 33
8 16 49 46 18 4 23 44 8
26 7 26 42 38 20 30 47 10
11 28 2
28 3 22 26 21 2
43 44 30 17 15 50 14
11 31 3
37 49 1 3
25
4 21 30 15 20 13 9 15 17
11 36 41 16 17 47 2
14 4
44 18 35 25 40 36 7 44 10 44
39 31
37 38 27 39
1 34 43 12 10 20 9 10 22 41
15 41 13 7 42 8
39 31 49
29 37 49 46 40
35 27 5 46
9 26 40 23
15 16 32 4 30 41
19 40 30
38 33 15 17 40 50
20 29 35 10 7 2 36 29 11 10
28 7 26
39
32 5 40 28
32 38
37 13 17 6 41 29
30 32 1
4 26
21 13 39 5 10
11 39 7 48 50
41 50 9 7
16 8 16 46 13 13 50 16 39 24
43 40 13 42 21 39 24 18 33
42 12 41 39 13 46 21 3 26
34 42 36 18 47 2
27 15 26 3 22 47
28 1 39 14 41 18 22 7
8 38 49 9 7 6 5 2
49 39 16 49
10 14 43 33
44 15 24 12
48 20 40 3 40 2 35 41 31
16 19
3 46 24 9 29 21
25 12
19 38 48 10 28 49 19 46 31
27 47 48 47 27 16 29 49 40 26
32
27 26 4 23 18 13 17
15 32 47 49 46 41 36 1 50 2
20 21 16
41 30 13 42 10 23 3
1 9 44
2 16 13 1 25 20 23 1
18 25 49 14 6 10 14 14 11
44 44 42 16
8 30 29 47 3 4 12 32
28 14 37 32 48
26 49 11 27 42 9 7
33 29 17 14 44 24 36 6
8 18 15 48 14 24
40 24 11
37 18 26
11
20 46 27 47 10 29 38
24 40 2 40 8 6 11 31
24 26 33 42 11 46 41 5 4 24
48 4 7
30 30 43 19 2 3 22 7 28 21
19 46 35 32 13
40 49 35 46 36 40
43
25 8 38 24 50 31 23 22
1 49 34 49 4
40 44 27 40 28 5 32 8 29 35
42 21 11 42
7 46
3 20
33 13 43 16 29 29
32 17 20 8 32 8 38 43 37
48 21 27 22 11 10 17
8 15 35 43 49 49 42 1 11
18 30 10
11 30 50 40
15 48 5
44 36 20 10 20 5
15 16 20 49 22 32
20 7 14 15 49 27 10 49 13
32 25 50 36 39 43 3 14
7 25 45 21 14 46 20 34 1 17
10
44 25 20 24 41 26 36 31
7 1
24 11
39 40 5 8 21 11 43 20
33 24 19 37 1 15 48
15 27
1
21 50 43 8 14 12 36 18 21 19
26 19 7
7 29 13 28 44 27
50 19 26 40 20 49 11 5
49 38 10 6 43 34 39
14 9 31 49 40 31 42 35
40 48 11 1 4 26 28 18 30 38
1 18 17 19
43 44 21 29 22 43 8 1
42 8 50 5 25 35
44 31 45
17
9 19 25 4 32 18 47 50 37 32
15 40 20 22 36 2 36 9 50
34 18
13 34 23
9 31 16
39 1 27 18 2 14 28 5 25 24
43 26 39
21 18 10 15
38 1 50 46 29 22 17 1 36 7
42 18 13 17
10 22 47 11 14
39 42 49 32 23 41 11 12
50 5 34 25 34
19 48 20 49 38 40 43 42
14 50 48 46 23 22
11 33 33 37 29 29 27 10
35 44 19 27 28 8 2
26 22 37 50 2 6 20 7
25 26 6 23 41 21 39 20 11 44
8 47 9 11 6
39 23 13 22 4 19 27 26 3
1 43 45 34 31 14 30
15 33 34 36 45 42 19 42 25 43
8 15 18 39 40 19 14 41
4 47 25 22 24 48 44 4 12
9 41 1 33 4 46 44
29 30 39 30 31 26 39 31 6 26
4 18
43 30 32 44
49 32 41 31 36 47 16 42
29 3 20 2 48 9 38 45 9 13
11 22
7
21 50 22 6 12 6
1 7 49 22 19
3 25
24 16 20 5
45 8 27 35 22 29 48 15 39 15
13 36 21 29 39 5 41 27 28
7 1 29 35 31 37 35
5 42 47 14
47 44 8 44 44 41 23 50 29
44 40 2 30 45 21 50 27
2
6 47 31 27 33 33
47 27 41 44
33 20 29 14 11 6 1 17 17 38
34 42 9 2 35 34 37 41 40
47
24
31 14 11 10 39 46 50 36
20 5 50
28
6 30 33 6
37
11 43 24 30 34
13 23 30 26 44 7
37 33 31 35 19 45 9
31 24 8 10 28 2 50 37 21 8
43
17 7 24 3
23 15
7 17 25 25
41 27 9
32 16 5 11 36 34 6 30 16 41
34
43 29 2 6 45 39 3 18
6 17 11
49 31 16
16 22 43 4 40
24
2 27 19
7 41 18 11 38 43
13 50 48 25 43 32 44 4 4
12 15
15 34 13 6 35 44 36 18 34
48 30 44
24 6 41 20 4 22 13 47
16 13 27 34 18 41 26
10 38 14 50 31 14 17 15 33
5 11 32 14 12 19 9
4 5 3 35 25
35 15 4
6 29
20
14 42 39
48 30 42 39 44 49 43 27 8
8 3
1 28 15 49 4 35
7
40 16 44 49 9
30 18 17 4 33 7 2
41 31 41 12 3 44 19 43
9 7 20 26 20 33 39 38 23 47
21 28 34 7 10 22 40 21 49
6 6
32 41 25 36 21
13 38
17
41 16 32 50 33 6
3 15 45 12 25 6 17 16
17 49 44 42 11 24 14 18
31 39 1 2 3 19 39 50
11 3 49 24 8 5 31 38 23 7
11 14 14 13 12 34 49 45
49 16 5 3 36 22 9
47 33 38 22 40 41
43 21 22 7
46 1 44 37 17 6 42 29 39
1
2 41 9 46 34 36 31
32 50 1 17 20 15
30 7
41 17 37 20 18 10 48 29 10
21 38 23 32 48 37 21
20 41 25 24
12 12 12 38 4 45 22 30
16 31 28 21 1 17 48
30 9 23
26
37 4 34 15 28 8 33 49 7 11
16 44 26 29
47 15 50
43 32 9 2
35 38 45
4 11 21 49
31 20 19 12
5
18 19
37 16 22 48
49 43 38 13 40 46 40
16 50
9
10 1 50 49 41 49 49 27 46
13 14 30 33
14 47
35 30 36
8 15 38 4 13 1 6 19 41 3
5 15 24 50 28
5 14 31 7 1 35 17 49
10 9 39 22 13 38 22 40 47 47
21 25 26 43 5 1 25 14
27 44 15 2 36 11 36 50
43 38 19 33 48
44 35 1 2 29 39 15 17 1 6
24 25 35 37 10 41 41 19 23 36
36 13 1
21 33 2 50 40 31 16 9 42
15 6 29 50 49 25 2 11
2 2 9 21 41 38 8 32
6 4 34 27 47
8 34 26
35 37 17 33 23 17 36
34 6 19 16 12 24 47 34 14
6 1 6 2 42
44 48 14 12 16 50 13 22 2 5
23 23 40 44 6 13 47
48 19 18 26 6 43 17
35 1 12 49 11
27 35
47
35 38 46
41 24 6
26
40 41 41 42 8 42 17 34 31 28
47 3 24 28
13
14 34 30 4 47 45
5 22 32
43 48 10 28 6 11 22 32 20 19
39
25 23 15 35 43 18 41 17 43
29 13 37 21 45 40 5 29
5 46 8 7 6 23 37 30
16 22 47 2
15 50 18 40 17 22 44 29 32
33 31 27 10 21 49
26 19
28 15 47 18 36 31
36 18 31 42 37 1 13 1 50 31
7 17 8 32
2 47 19 50 10 50 31 12 13 22
24 4 7 2 27 50
46 22
35 34 45 17 34
43 30 45 42 36 44 23 29 12 36
19 4
42 5 34 7 30
32 34 36 8 13
33 27 34 6 14 23 5 17 12
19 27
27 7
48 26 14 20 30 16 16 12 5
20 23 42 11 49
22 25 50 39 21
9
41 50 11 1
4 30 50 14 21 18 46 16 33 3
9 36 24 8 44 1 44
41 38 25 49 31 18 25 17 30 27
17 8 36 28 32 3 30 35
28 18 49
33 3 23 13 21
14 20 47 29
46 3 30 25 39 11 6
32 35 9 46 49 14 38 43 25 26
18 40
50 35 18 18 2 21 34 30 38
17 6
28 39
36
24 22 44
32 14 31 11 31
35 24 39 47 18 45 21 43
42 8
21 2 40 21 35 34 26 46 39 13
1 39 9 24 14 17 48
44 31
4 14 41 25 44 34
8 19 30 37 3 23 13 36
2 21 47 49 14 33 26 22 1 10
28 25 34 19 40 10 1
22 8 1 26 46 7 2 28
39 46 28 13
28 5 23 12 16 15 16 30
50 3 26
3 22 42 48 21 50 16
19 8 41 4 10 44
47 32 35 47
44 15 29 5 37 3 46 8 2
18 6 16 33
39 4 25 40
18 12 27 14 21 22 37
39 17 14
47 23 31 25 41 49 8 14 4
18 35 47 48 15 41 16 8 20
42 4 4
15
30 37
40 14 43 26
31 16 47 38 45 35 22 34 3
21 46 38 34 24 11 35 45 21
11
18 11 36 50 47 1 45 12
1
30 5 17 39 18 20 2
25 15 41 25
23 31 9 9 23 34 3 37
12 38 43 44
39 39 50 46 25 24 48 16 8
8 14 24 6 40
18 20 7 12 43 15 41 13
11 47 47 27
37 12 12 22
28 36 35 40 46 6 1 20 41
23 15 19 3 20 34 12 9
21 44 29 37 41 5 32
22 26 47 42 41 23 46 6 14 33
34 5 10 18
35 22 16 33 28 21 32 24 36 35
19 33
27
6 35 49 27 45 37 30 30
29 9 15
14
5 49 15 34
42 16 13 48 50
15 42
34 21 5 44 34 35 32 5 21
40 49 31 46
35 39 30
26 26 20 24 31
42 29
9 48 46
4 37 10 2 11 28 13 22
21 36
37 14
43 29 34 25 3 21 34
49 24 48 37 34 13 28
8 8 16
17 32
40 1 37 1 30 6
37 2 6
3
36 3 18 45 49 42 18 35 1 35